,level_0,level_1,LIRF,EDDT,RJAA,EDDM,LFPG,SAEZ,CYYZ,MMMX,CYVR,EDDF,KJFK,SBGL,LEMD,ZSPD,OMDB,LTFM,ZBAA,VIDP,EFRO,EHEH,EFHK,LDZA,EBBR,EIDW,LGAV,BIKF,EETN,LKPR,FACT,ESSA,EGPH,LFQQ,LPPT
0,AC_1,LIRF,420.0,2807.747272954198,20151.17475031601,1874.7275653575173,2613.916379363419,22539.634233788587,14536.615957949709,20766.475491861398,18355.112273324437,2329.2059971075305,14099.139870339917,18600.067537333212,3068.566855324851,18683.54035230218,9060.019192691561,3155.2722452021385,16655.110356686273,12232.840950456475,6148.0127731374105,2796.3377827303934,4867.649968622143,1488.426684648446,2755.846018552247,4176.694998947095,2580.902248714278,6994.538337005364,4684.993707850538,2285.3092445053903,17134.34778154507,4447.588745312609,4272.702281476027,2811.3619395666756,4081.9719774121536
1,AC_1,EDDT,2807.747272954198,600.0,26042.48933267543,1961.9593647904753,3020.273584573086,34407.296488290216,19040.258716572847,28214.474151792503,23318.945947527114,1827.824926704183,18722.89731214637,28922.840865630962,5867.818410180217,24576.438242189477,13764.03567144928,5466.948762216848,21540.26452555554,17050.72618818676,5441.0009616309835,2180.079480819237,3782.8440202853894,2827.748104578128,2402.5946830092685,4326.023475444043,5775.943494907625,7373.304690487126,3569.349240185157,1399.7940775967086,27849.319196096963,2984.5724575475515,3853.2300379393164,2699.115591472454,7145.054890921529
2,AC_1,RJAA,20151.17475031601,26042.48933267543,600.0,27251.536565148075,28226.544400861196,52556.085407634346,29902.002333273704,32593.29779953298,21950.41494625519,27250.440265678124,31407.023327086685,53184.381606194074,31241.78946272765,5704.447996421859,23288.994895008185,26149.717778415194,6668.509562714595,17406.271851580655,21573.13245930423,27268.248028919,22877.33143864099,27269.342911930096,27512.070097626398,27888.6341493909,27718.668466523122,25637.6328979408,23075.71943730763,26499.435704730888,42547.59314264389,23849.92629289851,26934.862392094918,27754.252316913255,32327.76683533431
3,AC_1,EDDM,1874.7275653575173,1961.9593647904753,27251.536565148075,600.0,2540.372833656886,33381.20540882197,19499.39163113407,28588.454449106186,24342.77817317177,1450.5404089179947,19044.82393016816,27835.545813006614,4855.81801965526,25572.303022712007,13566.228937491474,5002.255121017247,22576.79140606356,17377.375764984317,6797.642314268998,2230.9318370201,5076.81002358092,1837.6739139356418,2298.194121700716,4531.284576203778,4911.026190647905,8195.621930254922,4841.069841007792,1352.7532427613453,26553.360070813942,4343.581756300101,4384.361824099374,2517.1385038604085,6239.922521556185
4,AC_1,LFPG,2613.916379363419,3020.273584573086,28226.544400861196,2540.372833656886,600.0,32036.17022073851,17731.643107176747,26750.72535496879,23161.88746853949,1878.1557623349295,17202.287786883266,26600.40924384418,3621.8184917376684,26961.385679143346,15487.237619401878,6898.444391768947,23908.057248860427,19272.843270506048,7309.927758685533,1559.2689651674843,5993.10732867758,3670.968569187212,1314.480920986739,2832.8461109468085,6594.958366808351,6930.207730044216,5829.181194579654,3027.366784896746,27078.477673450318,4977.4437496965475,3068.8052301637435,1103.4642866513054,4775.092927580261
5,AC_1,SAEZ,22539.634233788587,34407.296488290216,52556.085407634346,33381.20540882197,32036.17022073851,600.0,26009.27080506817,21539.484990809407,32623.592659712376,33181.84104135152,24727.452408900033,6261.677252530077,29155.598271557337,56221.01602732882,39415.60275535985,35377.37746033454,55342.41621459475,45441.566756678956,38241.2902713792,32976.31434356477,37387.73855929388,33645.56248153724,32728.585164057782,31815.498706481092,33838.834024623015,33043.566689999134,37249.7454927698,34119.80942978833,20188.339758932285,36296.442908337005,32762.83690037345,32452.024362273667,27867.529946267132
6,AC_1,CYYZ,14536.615957949709,19040.258716572847,29902.002333273704,19499.39163113407,17731.643107176747,26009.27080506817,600.0,9807.238765176126,10123.99615094886,18654.638275527752,2269.6882551307413,24004.472104084405,17841.909427540966,33065.15418860767,32110.4586787042,23854.0360636413,30647.662247370143,33701.65912490705,18373.5296575093,17878.093453958812,19385.392779245136,20728.15321005014,17802.508473640824,15572.095903753125,23726.547065427054,12559.893853427004,19533.23758162019,19622.908044722095,37854.21493278793,18568.045342946727,15807.823515566004,17605.036849884164,16931.393743976194
7,AC_1,MMMX,20766.475491861398,28214.474151792503,32593.29779953298,28588.454449106186,26750.72535496879,21539.484990809407,9807.238765176126,600.0,11785.438719977192,27755.000131726276,10148.538626385453,22332.36472344677,26376.67545099506,37259.61920013605,41317.634235624886,32979.659750197716,35950.34945499716,42263.113638714,27401.648363781424,26987.397911040836,28546.513066664145,29799.492129623304,26892.17521725942,24661.020342789976,32711.59958136255,21758.183034530623,28706.380570739548,28766.590855914983,39527.107552306865,27762.385026693955,24967.29155246844,26675.229526289753,25232.517760965136
8,AC_1,CYVR,18355.112273324437,23318.945947527114,21950.41494625519,24342.77817317177,23161.88746853949,32623.592659712376,10123.99615094886,11785.438719977192,600.0,23553.020913213695,11783.072200102702,32385.771382357503,24581.96523150901,26248.7756420546,33971.32942114056,27888.443427157465,24767.087843764704,32280.358064358144,20189.15122820348,22835.78108140137,21971.970458137956,25497.77041809378,22884.667743825994,20999.0448405285,28488.58445688418,16836.660508688976,22228.175205610045,24095.533714849906,47325.04693374463,21705.609304787213,20724.03858831758,22818.56905175863,24187.906758252524
9,AC_1,EDDF,2329.2059971075305,1827.824926704183,27250.440265678124,1450.5404089179947,1878.1557623349295,33181.84104135152,18654.638275527752,27755.000131726276,23553.020913213695,600.0,18215.114084217028,27695.179062616582,4640.248065040682,25798.84531405456,14360.051583843398,5826.62174160816,22766.34407057064,18006.459776147767,6515.238494457037,1380.4692303804836,4974.792108008792,2688.2009546184795,1467.3580611347356,3693.9855507437114,5758.419985196397,7371.826068639137,4775.7293379850835,1756.7716068530153,27161.045025773037,4077.115304671409,3538.3756350301073,1718.3378039811098,5925.367031483898
10,AC_1,KJFK,14099.139870339917,18722.89731214637,31407.023327086685,19044.82393016816,17202.287786883266,24727.452408900033,2269.6882551307413,10148.538626385453,11783.072200102702,18215.114084217028,600.0,22463.235016705083,16996.638137718262,34366.98589961143,31883.03438118534,23441.713517297932,31831.631318889544,34029.226390810196,18583.074633840144,17451.592157489016,19405.111363219952,20252.301656406762,17350.478818857326,15122.330231103399,23170.46349194924,12541.420990452429,19525.969347849074,19244.60474701301,36217.89945063718,18507.19254651513,15469.668675104691,17129.844925918966,15977.905090183893
11,AC_1,SBGL,18600.067537333212,28922.840865630962,53184.381606194074,27835.545813006614,26600.40924384418,6261.677252530077,24004.472104084405,22332.36472344677,32385.771382357503,27695.179062616582,22463.235016705083,600.0,23655.029464787392,52482.728136807316,34334.26770852783,29716.77563340769,49763.00967391982,40530.62487658911,33047.28604328179,27553.811763509082,31990.937813776236,28035.300578817496,27305.779429941816,26617.140425818914,28181.07428332504,28456.58706582646,31829.098051312987,28582.011798369767,17908.806199957024,30937.460064103077,27575.571114043094,27040.15726067147,22427.539743210335
12,AC_1,LEMD,3068.566855324851,5867.818410180217,31241.78946272765,4855.81801965526,3621.8184917376684,29155.598271557337,17841.909427540966,26376.67545099506,24581.96523150901,4640.248065040682,16996.638137718262,23655.029464787392,600.0,29812.342413948427,16660.111939441165,8289.797260172916,26795.68422704327,21235.59025150477,10327.944501744589,4576.600094552666,8979.11862234692,5415.039959598773,4335.199845210988,4727.06296182031,7364.458452978452,8806.423778950406,8797.031236460754,5576.954022428628,24871.62822656095,7992.710005043626,5485.333028472263,4107.492944931946,2058.6395344989714
13,AC_1,ZSPD,18683.54035230218,24576.438242189477,5704.447996421859,25572.303022712007,26961.385679143346,56221.01602732882,33065.15418860767,37259.61920013605,26248.7756420546,25798.84531405456,34366.98589961143,52482.728136807316,29812.342413948427,600.0,18937.079479214426,23418.85253240139,3714.7356221906757,12806.965347857495,20826.893163179215,26027.287230468886,21631.995268667008,25264.47018597566,26274.48086768551,27240.608853581354,24941.3956672992,26080.412125880655,21762.300381106546,24839.098519939056,37454.63995138348,22731.932162101395,26296.90084738966,26554.044485197024,31121.20675151462
14,AC_1,OMDB,9060.019192691561,13764.03567144928,23288.994895008185,13566.228937491474,15487.237619401878,39415.60275535985,32110.4586787042,41317.634235624886,33971.32942114056,14360.051583843398,31883.03438118534,34334.26770852783,16660.111939441165,18937.079479214426,600.0,9198.984682939594,17223.24518199545,6807.156110498275,14871.16510387634,15098.054040286072,13477.997088003656,12426.184786716474,15226.158237789617,17420.651915936924,9896.044723850804,20171.870625612617,13292.666860391102,13278.441236432489,22230.97861739345,14185.237698178373,17016.160980028366,15472.538774198074,18051.915817873123
15,AC_1,LTFM,3155.2722452021385,5466.948762216848,26149.717778415194,5002.255121017247,6898.444391768947,35377.37746033454,23854.0360636413,32979.659750197716,27888.443427157465,5826.62174160816,23441.713517297932,29716.77563340769,8289.797260172916,23418.85253240139,9198.984682939594,600.0,20695.028935924332,13583.623176737226,8608.666546531858,6592.262285383801,6662.577341232483,3829.774001454354,6691.89166579653,8919.764125689282,2168.9529046327757,12227.352045387055,6384.321596605444,4833.414466108861,24427.178294948033,6784.948347228226,8651.18040313623,6919.3634866910015,9738.912883158162
16,AC_1,ZBAA,16655.110356686273,21540.26452555554,6668.509562714595,22576.79140606356,23908.057248860427,55342.41621459475,30647.662247370143,35950.34945499716,24767.087843764704,22766.34407057064,31831.631318889544,49763.00967391982,26795.68422704327,3714.7356221906757,17223.24518199545,20695.028935924332,600.0,11436.023345031892,17714.725867650588,22967.09615555081,18554.682160570384,22335.408649114775,23214.878374774424,24134.402809945062,22245.50601221541,23003.655024177457,18693.012915767355,21836.179367145734,37378.39000062148,19646.297495950574,23188.693520264853,23491.07158852028,28077.926407496736
17,AC_1,VIDP,12232.840950456475,17050.72618818676,17406.271851580655,17377.375764984317,19272.843270506048,45441.566756678956,33701.65912490705,42263.113638714,32280.358064358144,18006.459776147767,34029.226390810196,40530.62487658911,21235.59025150477,12806.965347857495,6807.156110498275,13583.623176737226,11436.023345031892,600.0,16054.4288114003,18604.413227233,15444.747838988005,16493.777124225817,18799.39163593195,20719.006267736404,14773.585420503801,22195.257373367047,15379.185458573416,16849.9004339906,26897.121180130387,16471.23607471939,20040.29501760495,19087.782222030604,22693.194009141793
18,AC_1,EFRO,6148.0127731374105,5441.0009616309835,21573.13245930423,6797.642314268998,7309.927758685533,38241.2902713792,18373.5296575093,27401.648363781424,20189.15122820348,6515.238494457037,18583.074633840144,33047.28604328179,10327.944501744589,20826.893163179215,14871.16510387634,8608.666546531858,17714.725867650588,16054.4288114003,600.0,6366.79171364742,2578.311811323286,7381.577704061834,6601.301639782077,7041.245510325281,9645.881476736013,6803.435529416511,2864.6643658357243,6125.307884415744,32284.694010249943,3057.1270090353833,6086.784293699901,6820.456189686693,11355.206176801175
19,AC_1,EHEH,2796.3377827303934,2180.079480819237,27268.248028919,2230.9318370201,1559.2689651674843,32976.31434356477,17878.093453958812,26987.397911040836,22835.78108140137,1380.4692303804836,17451.592157489016,27553.811763509082,4576.600094552666,26027.287230468886,15098.054040286072,6592.262285383801,22967.09615555081,18604.413227233,6366.79171364742,600.0,5037.540519956946,3468.508109379937,848.1582514955797,2930.201976594676,6535.597899737959,6626.742810817637,4878.9907092484655,2427.8342707793095,27709.69928138356,4018.5830508468816,2767.80978544926,1132.3333609595643,5726.380807736016
20,AC_1,EFHK,4867.649968622143,3782.8440202853894,22877.33143864099,5076.81002358092,5993.10732867758,37387.73855929388,19385.392779245136,28546.513066664145,21971.970458137956,4974.792108008792,19405.111363219952,31990.937813776236,8979.11862234692,21631.995268667008,13477.997088003656,6662.577341232483,18554.682160570384,15444.747838988005,2578.311811323286,5037.540519956946,600.0,5495.792509932818,5285.455220440493,6361.288367857083,7667.835827174475,7464.836731028539,886.4471941959614,4352.255626770748,30307.78042423138,1735.3746528626116,5492.146795153041,5551.415151941962,10163.433522125226
21,AC_1,LDZA,1488.426684648446,2827.748104578128,27269.342911930096,1837.6739139356418,3670.968569187212,33645.56248153724,20728.15321005014,29799.492129623304,25497.77041809378,2688.2009546184795,20252.301656406762,28035.300578817496,5415.039959598773,25264.47018597566,12426.184786716474,3829.774001454354,22335.408649114775,16493.777124225817,7381.577704061834,3468.508109379937,5495.792509932818,600.0,3526.6328826160448,5756.237959306592,3679.829207080069,9404.805868298066,5226.09746832951,2028.4959897883957,25667.698556262898,5007.901613255016,5618.726248651755,3727.061397791257,6865.134518684672
22,AC_1,EBBR,2755.846018552247,2402.5946830092685,27512.070097626398,2298.194121700716,1314.480920986739,32728.585164057782,17802.508473640824,26892.17521725942,22884.667743825994,1467.3580611347356,17350.478818857326,27305.779429941816,4335.199845210988,26274.48086768551,15226.158237789617,6691.89166579653,23214.878374774424,18799.39163593195,6601.301639782077,848.1582514955797,5285.455220440493,3526.6328826160448,600.0,2833.1094627684583,6571.7994452492885,6658.307219021757,5127.137728004944,2583.5520007162604,27574.280796964922,4263.196190583078,2775.3334451854844,896.5210667125818,5478.307146775856
23,AC_1,EIDW,4176.694998947095,4326.023475444043,27888.6341493909,4531.284576203778,2832.8461109468085,31815.498706481092,15572.095903753125,24661.020342789976,20999.0448405285,3693.9855507437114,15122.330231103399,26617.140425818914,4727.06296182031,27240.608853581354,17420.651915936924,8919.764125689282,24134.402809945062,20719.006267736404,7041.245510325281,2930.201976594676,6361.288367857083,5756.237959306592,2833.1094627684583,600.0,8776.62416867329,4829.191958594778,6303.504607501864,4742.213490194887,28916.873865175185,5226.001892045373,1558.85278519942,2635.464830238275,5260.603692208593
24,AC_1,LGAV,2580.902248714278,5775.943494907625,27718.668466523122,4911.026190647905,6594.958366808351,33838.834024623015,23726.547065427054,32711.59958136255,28488.58445688418,5758.419985196397,23170.46349194924,28181.07428332504,7364.458452978452,24941.3956672992,9896.044723850804,2168.9529046327757,22245.50601221541,14773.585420503801,9645.881476736013,6535.597899737959,7667.835827174475,3679.829207080069,6571.7994452492885,8776.62416867329,600.0,12477.197031073576,7381.702702040438,5016.419283577124,23251.203747113603,7562.083263802611,8695.380906212114,6742.633718314881,8767.122266270831
25,AC_1,BIKF,6994.538337005364,7373.304690487126,25637.6328979408,8195.621930254922,6930.207730044216,33043.566689999134,12559.893853427004,21758.183034530623,16836.660508688976,7371.826068639137,12541.420990452429,28456.58706582646,8806.423778950406,26080.412125880655,20171.870625612617,12227.352045387055,23003.655024177457,22195.257373367047,6803.435529416511,6626.742810817637,7464.836731028539,9404.805868298066,6658.307219021757,4829.191958594778,12477.197031073576,600.0,7593.184181935695,8080.364805318191,33077.82221051185,6608.364979875652,4488.991016366176,6582.546132428382,8957.74626627907
26,AC_1,EETN,4684.993707850538,3569.349240185157,23075.71943730763,4841.069841007792,5829.181194579654,37249.7454927698,19533.23758162019,28706.380570739548,22228.175205610045,4775.7293379850835,19525.969347849074,31829.098051312987,8797.031236460754,21762.300381106546,13292.666860391102,6384.321596605444,18693.012915767355,15379.185458573416,2864.6643658357243,4878.9907092484655,886.4471941959614,5226.09746832951,5127.137728004944,6303.504607501864,7381.702702040438,7593.184181935695,600.0,4108.966850502221,30021.347194591413,1709.9242092600896,5457.599137229996,5399.483483984753,10003.887784950748
27,AC_1,LKPR,2285.3092445053903,1399.7940775967086,26499.435704730888,1352.7532427613453,3027.366784896746,34119.80942978833,19622.908044722095,28766.590855914983,24095.533714849906,1756.7716068530153,19244.60474701301,28582.011798369767,5576.954022428628,24839.098519939056,13278.441236432489,4833.414466108861,21836.179367145734,16849.9004339906,6125.307884415744,2427.8342707793095,4352.255626770748,2028.4959897883957,2583.5520007162604,4742.213490194887,5016.419283577124,8080.364805318191,4108.966850502221,600.0,27061.511982678814,3689.050888709471,4417.765953160656,2858.10092843523,6937.198272195677
28,AC_1,FACT,17134.34778154507,27849.319196096963,42547.59314264389,26553.360070813942,27078.477673450318,20188.339758932285,37854.21493278793,39527.107552306865,47325.04693374463,27161.045025773037,36217.89945063718,17908.806199957024,24871.62822656095,37454.63995138348,22230.97861739345,24427.178294948033,37378.39000062148,26897.121180130387,32284.694010249943,27709.69928138356,30307.78042423138,25667.698556262898,27574.280796964922,28916.873865175185,23251.203747113603,33077.82221051185,30021.347194591413,27061.511982678814,600.0,30051.763832301756,29495.266948771416,27530.6160592889,24864.27067970842
29,AC_1,ESSA,4447.588745312609,2984.5724575475515,23849.92629289851,4343.581756300101,4977.4437496965475,36296.442908337005,18568.045342946727,27762.385026693955,21705.609304787213,4077.115304671409,18507.19254651513,30937.460064103077,7992.710005043626,22731.932162101395,14185.237698178373,6784.948347228226,19646.297495950574,16471.23607471939,3057.1270090353833,4018.5830508468816,1735.3746528626116,5007.901613255016,4263.196190583078,5226.001892045373,7562.083263802611,6608.364979875652,1709.9242092600896,3689.050888709471,30051.763832301756,600.0,4359.990330358453,4512.73342284358,9121.58630529925
30,AC_1,EGPH,4272.702281476027,3853.2300379393164,26934.862392094918,4384.361824099374,3068.8052301637435,32762.83690037345,15807.823515566004,24967.29155246844,20724.03858831758,3538.3756350301073,15469.668675104691,27575.571114043094,5485.333028472263,26296.90084738966,17016.160980028366,8651.18040313623,23188.693520264853,20040.29501760495,6086.784293699901,2767.80978544926,5492.146795153041,5618.726248651755,2775.3334451854844,1558.85278519942,8695.380906212114,4488.991016366176,5457.599137229996,4417.765953160656,29495.266948771416,4359.990330358453,600.0,2694.742738959454,6152.3217733692345
31,AC_1,LFQQ,2811.3619395666756,2699.115591472454,27754.252316913255,2517.1385038604085,1103.4642866513054,32452.024362273667,17605.036849884164,26675.229526289753,22818.56905175863,1718.3378039811098,17129.844925918966,27040.15726067147,4107.492944931946,26554.044485197024,15472.538774198074,6919.3634866910015,23491.07158852028,19087.782222030604,6820.456189686693,1132.3333609595643,5551.415151941962,3727.061397791257,896.5210667125818,2635.464830238275,6742.633718314881,6582.546132428382,5399.483483984753,2858.10092843523,27530.6160592889,4512.73342284358,2694.742738959454,600.0,5213.762383545574
32,AC_1,LPPT,4081.9719774121536,7145.054890921529,32327.76683533431,6239.922521556185,4775.092927580261,27867.529946267132,16931.393743976194,25232.517760965136,24187.906758252524,5925.367031483898,15977.905090183893,22427.539743210335,2058.6395344989714,31121.20675151462,18051.915817873123,9738.912883158162,28077.926407496736,22693.194009141793,11355.206176801175,5726.380807736016,10163.433522125226,6865.134518684672,5478.307146775856,5260.603692208593,8767.122266270831,8957.74626627907,10003.887784950748,6937.198272195677,24864.27067970842,9121.58630529925,6152.3217733692345,5213.762383545574,600.0
33,AC_2,LIRF,875.0,5246.836717244531,37001.71878002996,3538.527859859787,4891.942785573087,41374.859516393226,26721.763879599435,38128.30131433132,33713.225072041314,4370.653402468891,25920.768713824345,34161.724973771255,5724.383331871647,34314.55920438963,16694.410023897864,5883.136233128043,30600.613078834205,22503.675859937226,11362.683031657327,5225.946554851525,9018.407662326228,2831.2317430063795,5151.8083144333905,7753.30630901148,4831.495689603316,12912.625768111684,8683.973881782984,4290.2808115470725,31478.071004975285,8249.298175590988,7929.0904749645015,5253.454977223727,7579.873555802868
34,AC_2,EDDT,5246.836717244531,1250.0,47833.828323286034,3743.6742786095747,5681.390642830657,63149.33992277851,35013.12101609429,51810.615602689155,42847.16700151713,3498.081343329164,34432.04936909734,53107.59692224115,10895.091926713449,45149.56769849511,25352.640655246047,10161.121181297476,39590.497069596255,31370.394059070342,10113.612155272009,4143.040469003909,7077.616059186169,5328.886853178867,4550.453825558972,8072.148400616688,10726.873902749168,13651.556261153037,6686.718609881388,2714.379900786546,51142.03653618751,5616.023801144715,7206.489068421917,5093.36764635299,13233.64316551374
35,AC_2,RJAA,37001.71878002996,47833.828323286034,1250.0,50047.528719336355,51832.71557895654,96378.79543083272,54900.38885832211,59828.005976606524,40341.460410280764,50045.52145402394,57656.00127823907,97529.17194734327,57353.46696762786,10595.969493836978,42792.328236709174,48030.15783500951,12361.114323418653,32021.37902866445,39650.6764869115,50078.126509873146,42038.5946091686,50080.13118172566,50524.551592009535,51214.02009922789,50902.82208365502,47092.55798591248,42401.83235491143,48670.47253173784,78053.78488052964,43819.36342964154,49467.71535598825,50967.97419813489,59341.83307548001
36,AC_2,EDDM,3538.527859859787,3743.6742786095747,50047.528719336355,1250.0,4802.718202387289,61270.62239380558,35853.76866616606,52495.35339459924,44721.74869073987,2807.293701609933,35021.47967642828,51116.81821321125,9042.173690652005,46972.942501269965,24990.467173893885,9310.292140101272,41488.3219884828,31968.471849668815,12597.549439914834,4236.148395674167,9446.798153183296,3516.114308749702,4359.302017995617,8447.970426292457,9143.256879719558,15157.174859386058,9015.170569486796,2628.2506645509893,48769.20514312697,8104.296667649671,8178.962776477849,4760.17739530299,11576.394523172245
37,AC_2,LFPG,4891.942785573087,5681.390642830657,51832.71557895654,4802.718202387289,1250.0,58807.93537166779,32617.11628195886,49130.57035365447,42559.60138141566,3590.234393910542,31647.89518727219,48855.349646148476,6782.786984898233,49516.27806674653,28507.73065686322,12782.112617341716,43925.798080645625,35438.97081362795,13535.516510792982,3006.3698349213105,11124.489191807146,6872.778130813551,2558.1761036945513,5338.221028399081,12226.446043193868,12840.269579808803,10824.349264905004,5694.377910775219,49730.667204912424,9264.863854882955,5770.249473304383,2171.816005879163,8894.370392734389
38,AC_2,SAEZ,41374.859516393226,63149.33992277851,96378.79543083272,61270.62239380558,58807.93537166779,1250.0,47773.00698748925,39589.06978344075,59883.47423473261,60905.59696934381,45426.066508200565,11616.226264463594,53533.763202469185,103089.08610138202,72319.27908576667,64925.50596024883,101480.41714190599,83352.49477662425,70169.1761443304,60529.28864980945,68606.36890872852,61754.64596282007,60075.7098581304,58403.897708466146,62108.51575382834,60652.424075737,68353.71103249994,62622.96659494462,37115.1956000386,66608.26531951585,60138.42294345159,59569.34191815386,51175.37943941027
39,AC_2,CYYZ,26721.763879599435,35013.12101609429,54900.38885832211,35853.76866616606,32617.11628195886,47773.00698748925,1250.0,18107.958526001137,18687.924247359202,34307.07074763552,4307.10931086154,44102.32849026242,32819.00797858189,60691.949623570006,58943.95353903441,43826.888198630404,56265.65201994263,61857.35589698109,33792.3760009564,32885.25898305925,35645.04290525455,38103.56496927242,32746.86695306122,28663.10160733662,43593.46270601193,23147.921808981304,35915.738779478015,36079.92057018997,69460.46203678608,34148.523749634674,29094.70617464783,32385.307040447384,31151.902777741056
40,AC_2,MMMX,38128.30131433132,51810.615602689155,59828.005976606524,52495.35339459924,49130.57035365447,39589.06978344075,18107.958526001137,1250.0,21729.936150857025,50969.343406800435,18732.86019868918,41040.78989082648,48445.70511569697,68371.78925915653,75801.79633412253,60535.41390926119,65974.58683769013,77532.91822321145,50322.37534166961,49563.905063035054,52418.56098117718,54712.69819386726,49389.557436842,45304.43297138867,60044.610170599844,39989.4941283284,52711.269774996195,52821.511565853754,72523.43836634193,50982.864751935405,45865.19906882016,48992.34155550806,46350.813978662285
41,AC_2,CYVR,33713.225072041314,42847.16700151713,40341.460410280764,44721.74869073987,42559.60138141566,59883.47423473261,18687.924247359202,21729.936150857025,1250.0,43275.74566273794,21725.603180363636,59448.03627852225,45159.6873184049,48211.52745075396,62351.10769223086,51213.67089708561,45498.63685574449,59255.03016797773,37116.68135659035,41962.51814184211,40380.92739214081,46836.47731452569,42052.026989027225,38599.55296177645,52312.49681513935,30978.45132370186,40850.024492498946,44269.05739745681,86801.04558749388,39893.23445936839,38096.031318382426,41931.003842140984,44438.18746721146
42,AC_2,EDDF,4370.653402468891,3498.081343329164,50045.52145402394,2807.293701609933,3590.234393910542,60905.59696934381,34307.07074763552,50969.343406800435,43275.74566273794,1250.0,33502.32561423954,50859.814249606585,8647.476708524271,47387.72924127311,26443.913705531122,10819.66304429716,41835.382713011786,33120.29080864647,12080.48324847635,2678.9971458476166,9260.00884169843,5073.383533840714,2838.0859174745674,6914.920984970952,10694.789299810538,13648.848984147979,8895.535625925755,3367.9865396931295,49881.84358216927,7616.410939398847,6630.007606243744,3297.616315640544,11000.460354307108
43,AC_2,KJFK,25920.768713824345,34432.04936909734,57656.00127823907,35021.47967642828,31647.89518727219,45426.066508200565,4307.10931086154,18732.86019868918,21725.603180363636,33502.32561423954,1250.0,41280.40635264548,31271.36175038309,63075.53340494647,58527.55189320346,43071.947812824226,58433.43565331953,62457.11392692996,34176.04157218912,32104.358069055852,35681.146571002435,37232.30639105526,31919.224989252863,27839.60487293831,42575.30361860608,23114.09899132399,35902.43103471373,35387.267597275866,66464.45647669531,34037.105555255366,28475.562865643577,31515.25620866114,29406.11638177636
44,AC_2,SBGL,34161.724973771255,53107.59692224115,97529.17194734327,51116.81821321125,48855.349646148476,11616.226264463594,44102.32849026242,41040.78989082648,59448.03627852225,50859.814249606585,41280.40635264548,1250.0,43462.51782924577,96244.48221698844,63015.6281583899,54561.248742171396,91264.82412197217,74360.82456478162,60659.23401137371,50600.978335162756,58725.11726951481,51482.55843601805,50146.844484719026,48885.983539654946,51749.46224153945,52253.91131462736,58428.79737676018,52483.55724792791,32941.49236762354,56796.256221702584,50640.818534620004,49660.5045920161,41215.050228459295
45,AC_2,LEMD,5724.383331871647,10895.091926713449,57353.46696762786,9042.173690652005,6782.786984898233,53533.763202469185,32819.00797858189,48445.70511569697,45159.6873184049,8647.476708524271,31271.36175038309,43462.51782924577,1250.0,54736.22637269755,30655.200397543493,15329.604818727912,49212.887628153105,39032.65487533127,19061.342698520108,8530.940700920193,16591.715124650193,10066.078958108954,8088.949839668701,8806.430111023772,13635.35927649392,16275.52016306803,16258.322923397962,10362.534890835037,45690.044668924806,14785.65404767638,10194.781783131433,7672.030763397201,3920.6904647648603
46,AC_2,ZSPD,34314.55920438963,45149.56769849511,10595.969493836978,46972.942501269965,49516.27806674653,103089.08610138202,60691.949623570006,68371.78925915653,48211.52745075396,47387.72924127311,63075.53340494647,96244.48221698844,54736.22637269755,1250.0,34824.20538693612,43030.09058015344,6952.913248752306,23600.296414690434,38284.352507986514,47805.99409252021,39758.45112209472,46409.31714876252,48258.59233509545,50027.520667728895,45817.785097127766,47903.262916148095,39997.03276825991,45630.48452727093,68728.86175614373,41772.37636109993,48299.64211099958,48770.45826901833,57132.686514722634
47,AC_2,OMDB,16694.410023897864,25352.640655246047,42792.328236709174,24990.467173893885,28507.73065686322,72319.27908576667,58943.95353903441,75801.79633412253,62351.10769223086,26443.913705531122,58527.55189320346,63015.6281583899,30655.200397543493,34824.20538693612,1250.0,16994.278045551666,31686.26704952371,12614.9686886547,27379.735045951093,27795.156474411306,24828.919407264468,22903.10770579091,28029.70836381049,32047.708152379164,18270.557455645692,37085.04150351269,24489.58973738303,24463.543385722438,40855.157388558364,26123.83889162966,31307.107023680248,28480.81786257759,33203.51837401172
48,AC_2,LTFM,5883.136233128043,10161.121181297476,48030.15783500951,9310.292140101272,12782.112617341716,64925.50596024883,43826.888198630404,60535.41390926119,51213.67089708561,10819.66304429716,43071.947812824226,54561.248742171396,15329.604818727912,43030.09058015344,16994.278045551666,1250.0,38042.91620652622,25022.315089569238,15913.437316369436,12221.509663243598,12350.25274523403,7163.54232832613,12403.925695433554,16483.04023649908,4122.668306983174,22539.05566017435,11840.781456155924,9001.153990158444,44876.28077020274,12574.307469617166,15991.277899164741,12820.414354006924,17982.85751421161
49,AC_2,ZBAA,30600.613078834205,39590.497069596255,12361.114323418653,41488.3219884828,43925.798080645625,101480.41714190599,56265.65201994263,65974.58683769013,45498.63685574449,41835.382713011786,58433.43565331953,91264.82412197217,49212.887628153105,6952.913248752306,31686.26704952371,38042.91620652622,1250.0,21090.175409400646,32586.141727091766,42202.948973528895,34124.05648208343,41046.36315486102,42656.624878073795,44340.2246181371,40881.75626642452,42269.886293911695,34377.33264809327,40132.301214572195,68589.25220106005,36122.74539626563,42608.68181907533,43162.31978414063,51560.604033654636
50,AC_2,VIDP,22503.675859937226,31370.394059070342,32021.37902866445,31968.471849668815,35438.97081362795,83352.49477662425,61857.35589698109,77532.91822321145,59255.03016797773,33120.29080864647,62457.11392692996,74360.82456478162,39032.65487533127,23600.296414690434,12614.9686886547,25022.315089569238,21090.175409400646,1250.0,29546.227195824176,34215.111387971505,28429.934156276628,30350.650305181818,34572.10635803185,38086.817410303076,27201.071898700437,40789.75371372679,28309.89296715537,31002.69291418459,49398.61322860285,30309.378856987256,36844.13364835682,35100.13399625585,41701.44888842085
51,AC_2,EFRO,11362.683031657327,10113.612155272009,39650.6764869115,12597.549439914834,13535.516510792982,70169.1761443304,33792.3760009564,50322.37534166961,37116.68135659035,12080.48324847635,34176.04157218912,60659.23401137371,19061.342698520108,38284.352507986514,27379.735045951093,15913.437316369436,32586.141727091766,29546.227195824176,1250.0,11808.685184145497,4872.1824281265035,13666.703703647412,12238.060234531516,13043.5737780096,17812.52201720985,12608.156504983934,5396.478540229429,11366.54129261477,59262.96905148876,5748.867279091719,11296.006671853482,12639.320417665887,20942.203524998644
52,AC_2,EHEH,5225.946554851525,4143.040469003909,50078.126509873146,4236.148395674167,3006.3698349213105,60529.28864980945,32885.25898305925,49563.905063035054,41962.51814184211,2678.9971458476166,32104.358069055852,50600.978335162756,8530.940700920193,47805.99409252021,27795.156474411306,12221.509663243598,42202.948973528895,34215.111387971505,11808.685184145497,1250.0,9374.89780604193,6502.083927954907,1704.3643993919407,5516.474377444635,12117.760223538406,12284.641649123752,9084.60163784239,4596.66615204387,50886.39998850238,7509.241533611381,5219.143017511828,2224.673726829486,10636.12729064476
53,AC_2,EFHK,9018.407662326228,7077.616059186169,42038.5946091686,9446.798153183296,11124.489191807146,68606.36890872852,35645.04290525455,52418.56098117718,40380.92739214081,9260.00884169843,35681.146571002435,58725.11726951481,16591.715124650193,39758.45112209472,24828.919407264468,12350.25274523403,34124.05648208343,28429.934156276628,4872.1824281265035,9374.89780604193,1250.0,10213.932530620723,9828.816276641914,11798.608854264858,14190.826916940829,13819.146499942495,1774.4693922687188,8120.17805754119,55643.346698624584,3328.8098687983475,10207.257423118617,10315.774593807277,18760.13195095219
54,AC_2,LDZA,2831.2317430063795,5328.886853178867,50080.13118172566,3516.114308749702,6872.778130813551,61754.64596282007,38103.56496927242,54712.69819386726,46836.47731452569,5073.383533840714,37232.30639105526,51482.55843601805,10066.078958108954,46409.31714876252,22903.10770579091,7163.54232832613,41046.36315486102,30350.650305181818,13666.703703647412,6502.083927954907,10213.932530620723,1250.0,6608.507258720867,10690.794127871246,6889.001481800889,17371.125555976705,9720.135427930973,3865.499257116426,47147.606587776456,9320.630563421164,10439.017588326453,6975.481080343825,12721.124032893911
55,AC_2,EBBR,5151.8083144333905,4550.453825558972,50524.551592009535,4359.302017995617,2558.1761036945513,60075.7098581304,32746.86695306122,49389.557436842,42052.026989027225,2838.0859174745674,31919.224989252863,50146.844484719026,8088.949839668701,48258.59233509545,28029.70836381049,12403.925695433554,42656.624878073795,34572.10635803185,12238.060234531516,1704.3643993919407,9828.816276641914,6608.507258720867,1250.0,5338.703211407512,12184.043304532828,12342.434381339564,9538.945470693729,4881.776932810067,50638.45603351147,7957.115024215795,5232.918433467883,1792.914110540143,10181.91777196941
56,AC_2,EIDW,7753.30630901148,8072.148400616688,51214.02009922789,8447.970426292457,5338.221028399081,58403.897708466146,28663.10160733662,45304.43297138867,38599.55296177645,6914.920984970952,27839.60487293831,48885.983539654946,8806.430111023772,50027.520667728895,32047.708152379164,16483.04023649908,44340.2246181371,38086.817410303076,13043.5737780096,5516.474377444635,11798.608854264858,10690.794127871246,5338.703211407512,1250.0,16220.95868085225,8993.422806210292,11692.80989972606,8834.169912879635,53096.671665628,9719.960432899876,3005.6078318039895,4976.8265290429235,9783.314466280957
57,AC_2,LGAV,4831.495689603316,10726.873902749168,50902.82208365502,9143.256879719558,12226.446043193868,62108.51575382834,43593.46270601193,60044.610170599844,52312.49681513935,10694.789299810538,42575.30361860608,51749.46224153945,13635.35927649392,45817.785097127766,18270.557455645692,4122.668306983174,40881.75626642452,27201.071898700437,17812.52201720985,12117.760223538406,14190.826916940829,6889.001481800889,12184.043304532828,16220.95868085225,1250.0,22996.508379067986,13666.93256821722,9336.225959249427,42723.13467932404,13997.199666381839,16072.206640852193,12496.831661999107,16203.561209069005
58,AC_2,BIKF,12912.625768111684,13651.556261153037,47092.55798591248,15157.174859386058,12840.269579808803,60652.424075737,23147.921808981304,39989.4941283284,30978.45132370186,13648.848984147979,23114.09899132399,52253.91131462736,16275.52016306803,47903.262916148095,37085.04150351269,22539.05566017435,42269.886293911695,40789.75371372679,12608.156504983934,12284.641649123752,13819.146499942495,17371.125555976705,12342.434381339564,8993.422806210292,22996.508379067986,1250.0,14054.143773228629,14946.145268260607,60715.14408971928,12250.992830002255,8370.533195017877,12203.719910231626,16552.58349122743
59,AC_2,EETN,8683.973881782984,6686.718609881388,42401.83235491143,9015.170569486796,10824.349264905004,68353.71103249994,35915.738779478015,52711.269774996195,40850.024492498946,8895.535625925755,35902.43103471373,58428.79737676018,16258.322923397962,39997.03276825991,24489.58973738303,11840.781456155924,34377.33264809327,28309.89296715537,5396.478540229429,9084.60163784239,1774.4693922687188,9720.135427930973,9538.945470693729,11692.80989972606,13666.93256821722,14054.143773228629,1250.0,7674.729405151656,55118.90287470614,3282.211476635175,10144.002521264661,10037.595888711016,18468.012295007087
60,AC_2,LKPR,4290.2808115470725,2714.379900786546,48670.47253173784,2628.2506645509893,5694.377910775219,62622.96659494462,36079.92057018997,52821.511565853754,44269.05739745681,3367.9865396931295,35387.267597275866,52483.55724792791,10362.534890835037,45630.48452727093,24463.543385722438,9001.153990158444,40132.301214572195,31002.69291418459,11366.54129261477,4596.66615204387,8120.17805754119,3865.499257116426,4881.776932810067,8834.169912879635,9336.225959249427,14946.145268260607,7674.729405151656,1250.0,49699.60393842337,6905.885884433788,8240.123938545477,5384.461239678472,12853.068886166458
61,AC_2,FACT,31478.071004975285,51142.03653618751,78053.78488052964,48769.20514312697,49730.667204912424,37115.1956000386,69460.46203678608,72523.43836634193,86801.04558749388,49881.84358216927,66464.45647669531,32941.49236762354,45690.044668924806,68728.86175614373,40855.157388558364,44876.28077020274,68589.25220106005,49398.61322860285,59262.96905148876,50886.39998850238,55643.346698624584,47147.606587776456,50638.45603351147,53096.671665628,42723.13467932404,60715.14408971928,55118.90287470614,49699.60393842337,1250.0,55174.594100935734,54155.67826507341,50558.50824942932,45676.573396716434
62,AC_2,ESSA,8249.298175590988,5616.023801144715,43819.36342964154,8104.296667649671,9264.863854882955,66608.26531951585,34148.523749634674,50982.864751935405,39893.23445936839,7616.410939398847,34037.105555255366,56796.256221702584,14785.65404767638,41772.37636109993,26123.83889162966,12574.307469617166,36122.74539626563,30309.378856987256,5748.867279091719,7509.241533611381,3328.8098687983475,9320.630563421164,7957.115024215795,9719.960432899876,13997.199666381839,12250.992830002255,3282.211476635175,6905.885884433788,55174.594100935734,1250.0,8134.339883428191,8414.004263153674,16852.565782676982
63,AC_2,EGPH,7929.0904749645015,7206.489068421917,49467.71535598825,8178.962776477849,5770.249473304383,60138.42294345159,29094.70617464783,45865.19906882016,38096.031318382426,6630.007606243744,28475.562865643577,50640.818534620004,10194.781783131433,48299.64211099958,31307.107023680248,15991.277899164741,42608.68181907533,36844.13364835682,11296.006671853482,5219.143017511828,10207.257423118617,10439.017588326453,5232.918433467883,3005.6078318039895,16072.206640852193,8370.533195017877,10144.002521264661,8240.123938545477,54155.67826507341,8134.339883428191,1250.0,5085.361188805339,11416.002269050656
64,AC_2,LFQQ,5253.454977223727,5093.36764635299,50967.97419813489,4760.17739530299,2171.816005879163,59569.34191815386,32385.307040447384,48992.34155550806,41931.003842140984,3297.616315640544,31515.25620866114,49660.5045920161,7672.030763397201,48770.45826901833,28480.81786257759,12820.414354006924,43162.31978414063,35100.13399625585,12639.320417665887,2224.673726829486,10315.774593807277,6975.481080343825,1792.914110540143,4976.8265290429235,12496.831661999107,12203.719910231626,10037.595888711016,5384.461239678472,50558.50824942932,8414.004263153674,5085.361188805339,1250.0,9697.550551725875
